1768332227799 0.48629880119945595 0
1768332234771 0.39184280844788894 1
1768332240750 0.38756027659935177 2
1768332247277 0.38604022607982413 3
1768332253753 0.38524886260240193 4
1768332260078 0.3847863389032788 5
1768332266723 0.3839357005167286 6
1768332272826 0.383502130701173 7
1768332279006 0.38346996776870357 8
1768332285145 0.3831056384824517 9
1768332291474 0.38268444935678486 10
1768332297642 0.38281293771370073 11
1768332303758 0.38278942013796097 12
1768332309963 0.3826021872789079 13
1768332316134 0.3830088266584777 14
1768332322557 0.38237338823576766 15
1768332329364 0.382872273032247 16
1768332336223 0.3823629136725216 17
1768332343228 0.38222264212945717 18
1768332349371 0.3821850566059003 19
1768332355698 0.3821610521303684 20
1768332362524 0.38185704048849534 21
1768332369174 0.3818823792467451 22
1768332375916 0.3817351560727268 23
1768332382625 0.38178747148903563 24
1768332388906 0.3816275605417772 25
1768332395163 0.38260336033604453 26
1768332401370 0.38159917048999203 27
1768332408165 0.3819874223092306 28
1768332414982 0.38228479540272126 29
1768332421966 0.3815003681152806 30
1768332428046 0.3816380545797495 31
1768332434214 0.3815646385991523 32
1768332440321 0.3821156031181225 33
1768332446382 0.38157333683562633 34
1768332452573 0.381728932919918 35
1768332458661 0.38226154854722844 36
1768332464956 0.38154160390131475 37
1768332471046 0.3815536434404283 38
1768332477224 0.38160816299671707 39
1768332483681 0.3814370606466337 40
1768332490710 0.38167205321624276 41
1768332497442 0.3814943383532851 42
1768332504492 0.38160117736161386 43
1768332510837 0.3815455400857545 44
1768332517684 0.3814368375246818 45
1768332524821 0.38163397098138074 46
1768332531598 0.38138233850494563 47
1768332537857 0.38141852912676943 48
1768332544112 0.38140351835424735 49
